DEMO/DTM.asc
ncols        238
nrows        157
xllcorner    409380.971304091974
yllcorner    4812682.163786198944
cellsize     10.000000000000
NODATA_value -9999
[rows 95 to 113 of 157, columns 126 to 167 of 238]
262.10589599609375 259.778778076171875 257.031524658203125 253.8358154296875 250.14599609375 246.0165252685546875 241.5600433349609375 236.974334716796875 232.4700927734375 228.0826873779296875 223.75286865234375 219.347930908203125 214.668365478515625 209.669952392578125 204.5672454833984375 199.8491058349609375 196.2595977783203125 194.2701416015625 194.1911163330078125 194.6767425537109375 195.11944580078125 195.349334716796875 195.2896881103515625 194.9401092529296875 194.3668060302734375 193.69415283203125 193.0650787353515625 192.51739501953125 192.2327423095703125 192.216827392578125 192.5096435546875 193.2957000732421875 194.3635711669921875 195.7987060546875 197.4020538330078125 199.02313232421875 200.6286773681640625 202.079071044921875 203.235992431640625 204.0992889404296875 204.6977691650390625 205.14984130859375
265.45330810546875 262.622314453125 259.4703369140625 255.93572998046875 251.996490478515625 247.711944580078125 243.1358184814453125 238.43780517578125 233.79681396484375 229.2169189453125 224.6571807861328125 220.0072174072265625 215.086029052734375 209.9017486572265625 204.7002410888671875 199.97833251953125 196.5348663330078125 195.218353271484375 195.81561279296875 196.7337188720703125 197.5249786376953125 198.0465545654296875 198.23846435546875 198.094696044921875 197.6572418212890625 197.0083465576171875 196.2436676025390625 195.426300048828125 194.6790924072265625 194.07452392578125 193.6690216064453125 193.5660247802734375 193.7692108154296875 194.4725189208984375 195.464630126953125 196.6734466552734375 198.14666748046875 199.71563720703125 201.1679229736328125 202.4813232421875 203.6337127685546875 204.715423583984375
267.320953369140625 264.066864013671875 260.59661865234375 256.834564208984375 252.7635345458984375 248.4251556396484375 243.8269195556640625 239.0981903076171875 234.37420654296875 229.6369171142578125 224.8652801513671875 219.995452880859375 214.9063262939453125 209.6714935302734375 204.5716552734375 200.0771484375 196.81610107421875 196.4965362548828125 197.4334869384765625 198.645843505859375 199.702880859375 200.5020904541015625 201.0001678466796875 201.1779022216796875 201.04638671875 200.63336181640625 199.985015869140625 199.15008544921875 198.21978759765625 197.279388427734375 196.3869476318359375 195.62652587890625 195.076416015625 194.854034423828125 194.978973388671875 195.529449462890625 196.62811279296875 198.093017578125 199.625 201.195953369140625 202.7504119873046875 204.35333251953125
267.83721923828125 264.295654296875 260.62744140625 256.749603271484375 252.644561767578125 248.324432373046875 243.7564239501953125 239.03277587890625 234.253326416015625 229.390838623046875 224.4530792236328125 219.4362640380859375 214.3025970458984375 209.207550048828125 204.46697998046875 200.5222930908203125 197.9651336669921875 198.11041259765625 199.2228240966796875 200.594146728515625 201.8503570556640625 202.915496826171875 203.7432861328125 204.293731689453125 204.5507354736328125 204.4887847900390625 204.1061859130859375 203.42779541015625 202.5160369873046875 201.4426727294921875 200.263397216796875 199.0638580322265625 197.9431915283203125 196.996612548828125 196.3318634033203125 196.1077728271484375 196.4918670654296875 197.48431396484375 198.758453369140625 200.30035400390625 202.0052032470703125 203.8934478759765625
267.3343505859375 263.6197509765625 259.855865478515625 255.942108154296875 251.8497467041015625 247.5650177001953125 243.0259857177734375 238.298919677734375 233.4655303955078125 228.50567626953125 223.4640655517578125 218.4031829833984375 213.37677001953125 208.6288604736328125 204.4954833984375 201.31549072265625 199.527008056640625 199.990631103515625 201.2208099365234375 202.7090911865234375 204.1576995849609375 205.500823974609375 206.6708831787109375 207.6068267822265625 208.2696533203125 208.5900726318359375 208.527099609375 208.0860137939453125 207.304595947265625 206.23638916015625 204.93304443359375 203.4801025390625 201.98333740234375 200.54266357421875 199.2995452880859375 198.4224090576171875 198.0259552001953125 198.1388702392578125 198.724151611328125 199.8780975341796875 201.423095703125 203.2965545654296875
266.164154052734375 262.350311279296875 258.546478271484375 254.625335693359375 250.542144775390625 246.263702392578125 241.7142486572265625 236.9510955810546875 232.0542755126953125 227.02227783203125 221.9423980712890625 216.948211669921875 212.1814422607421875 207.96002197265625 204.6214447021484375 202.343505859375 201.3260955810546875 202.0733642578125 203.4412384033203125 205.0839385986328125 206.77239990234375 208.4361572265625 209.9767303466796875 211.2968902587890625 212.3355255126953125 213.0034027099609375 213.2408294677734375 213.0400238037109375 212.4229888916015625 211.428802490234375 210.1028289794921875 208.52783203125 206.81036376953125 205.05145263671875 203.3895263671875 201.9649810791015625 200.85260009765625 200.108001708984375 199.811676025390625 200.118438720703125 201.1145172119140625 202.6672821044921875
264.683441162109375 260.77862548828125 256.929351806640625 252.9780426025390625 248.8621673583984375 244.5343017578125 239.9173583984375 235.07916259765625 230.1085205078125 225.0305938720703125 219.9780120849609375 215.15057373046875 210.7587738037109375 207.1571502685546875 204.6503448486328125 203.3916473388671875 203.3734588623046875 204.3502197265625 205.92962646484375 207.814666748046875 209.8123779296875 211.837432861328125 213.7558135986328125 215.432861328125 216.793121337890625 217.7501068115234375 218.2438507080078125 218.257415771484375 217.8004913330078125 216.8999176025390625 215.5928955078125 213.960693359375 212.1102752685546875 210.1337432861328125 208.1484527587890625 206.2622833251953125 204.5292205810546875 203.024658203125 201.8718109130859375 201.2198638916015625 201.2778778076171875 202.2216644287109375
263.24407958984375 259.2130126953125 255.2626190185546875 251.2164459228515625 247.001739501953125 242.560760498046875 237.8213348388671875 232.86956787109375 227.8138275146484375 222.7135162353515625 217.745330810546875 213.1647491455078125 209.2231597900390625 206.2679595947265625 204.523590087890625 204.507049560546875 205.317901611328125 206.7734527587890625 208.719573974609375 210.9488677978515625 213.3007354736328125 215.682159423828125 217.9398040771484375 219.9272918701171875 221.56640625 222.7754058837890625 223.4951324462890625 223.701446533203125 223.389739990234375 222.573974609375 221.2856292724609375 219.60711669921875 217.646820068359375 215.486907958984375 213.2186126708984375 210.9186553955078125 208.624359130859375 206.4282073974609375 204.492462158203125 202.988525390625 202.183013916015625 202.2860870361328125
262.22772216796875 258.03582763671875 253.903106689453125 249.6658477783203125 245.26666259765625 240.64752197265625 235.7385406494140625 230.63671875 225.471466064453125 220.3486785888671875 215.495849609375 211.2167816162109375 207.7824554443359375 205.50946044921875 204.7823638916015625 205.7905426025390625 207.3875274658203125 209.4314117431640625 211.836334228515625 214.45391845703125 217.1519317626953125 219.8484344482421875 222.396514892578125 224.6561279296875 226.5506744384765625 227.9947052001953125 228.9210662841796875 229.298065185546875 229.10791015625 228.3502044677734375 227.052703857421875 225.2994842529296875 223.200469970703125 220.8314666748046875 218.267578125 215.5631561279296875 212.73492431640625 209.880126953125 207.2130126953125 204.93548583984375 203.37115478515625 202.7139129638671875
261.9727783203125 257.6151123046875 253.236663818359375 248.7241973876953125 244.066650390625 239.212646484375 234.086944580078125 228.7829132080078125 223.4573211669921875 218.2774810791015625 213.5311737060546875 209.5779876708984375 206.7036590576171875 205.1058807373046875 205.7653656005859375 207.531097412109375 209.8104400634765625 212.408416748046875 215.2591705322265625 218.2444610595703125 221.2563629150390625 224.22955322265625 227.034454345703125 229.541168212890625 231.669677734375 233.3231964111328125 234.42266845703125 234.92767333984375 234.809112548828125 234.0589752197265625 232.7029876708984375 230.822845458984375 228.5247955322265625 225.885223388671875 222.97845458984375 219.8612060546875 216.539306640625 213.09796142578125 209.8233642578125 206.9813385009765625 204.926483154296875 203.871490478515625
262.506011962890625 258.001861572265625 253.3971099853515625 248.6247711181640625 243.70367431640625 238.5963287353515625 233.2199249267578125 227.660308837890625 222.118408203125 216.82989501953125 212.1489105224609375 208.5122833251953125 206.291656494140625 205.7702484130859375 207.399993896484375 209.797943115234375 212.6273345947265625 215.6899566650390625 218.92755126953125 222.2414703369140625 225.5413360595703125 228.77288818359375 231.81866455078125 234.5531158447265625 236.8858184814453125 238.702911376953125 239.9107513427734375 240.4633636474609375 240.327728271484375 239.5007781982421875 238.0106658935546875 235.9352264404296875 233.3709869384765625 230.408355712890625 227.12481689453125 223.601318359375 219.8494873046875 215.9968109130859375 212.2879791259765625 209.0328369140625 206.638763427734375 205.35198974609375
263.5477294921875 258.94940185546875 254.1970367431640625 249.2494049072265625 244.1292724609375 238.8033599853515625 233.187042236328125 227.3726959228515625 221.607452392578125 216.1924591064453125 211.5533599853515625 208.1944122314453125 206.724761962890625 207.5634765625 209.6745758056640625 212.5183868408203125 215.754638671875 219.1857452392578125 222.7562255859375 226.3761138916015625 229.9591827392578125 233.451934814453125 236.7371673583984375 239.682159423828125 242.1777496337890625 244.0864410400390625 245.30029296875 245.77734375 245.4966888427734375 244.477447509765625 242.757568359375 240.4244842529296875 237.555816650390625 234.275238037109375 230.6645355224609375 226.820220947265625 222.744049072265625 218.5616302490234375 214.519927978515625 210.9405670166015625 208.28875732421875 206.9165496826171875
264.69219970703125 260.0653076171875 255.2558441162109375 250.2341461181640625 245.00750732421875 239.5328826904296875 233.73089599609375 227.715576171875 221.782196044921875 216.3010101318359375 211.749237060546875 208.543487548828125 208.3375091552734375 209.80999755859375 212.32708740234375 215.507293701171875 219.0517425537109375 222.7865447998046875 226.662017822265625 230.587646484375 234.46826171875 238.2388153076171875 241.7675628662109375 244.8999481201171875 247.4990997314453125 249.3990936279296875 250.4844970703125 250.7354278564453125 250.160736083984375 248.8281402587890625 246.7880401611328125 244.176025390625 241.0540008544921875 237.4946746826171875 233.598724365234375 229.4584808349609375 225.091644287109375 220.650726318359375 216.3935394287109375 212.6397247314453125 209.9061737060546875 208.6787109375
265.587249755859375 260.980010986328125 256.1846923828125 251.1715850830078125 245.923187255859375 240.3797607421875 234.4689483642578125 228.3364715576171875 222.3350067138671875 216.9154510498046875 212.635101318359375 209.964447021484375 210.4418792724609375 212.3330078125 215.1479339599609375 218.5819091796875 222.3809661865234375 226.393798828125 230.5725555419921875 234.8165283203125 239.01226806640625 243.073516845703125 246.8415985107421875 250.1228485107421875 252.7435302734375 254.515106201171875 255.3305206298828125 255.2168426513671875 254.222869873046875 252.5069580078125 250.146270751953125 247.2617645263671875 243.8959197998046875 240.0617828369140625 235.864105224609375 231.4225006103515625 226.79119873046875 222.1659088134765625 217.8415679931640625 214.1435394287109375 211.600250244140625 210.7800445556640625
265.9710693359375 261.41363525390625 256.679595947265625 251.728851318359375 246.52301025390625 240.9882354736328125 235.056243896484375 228.9043731689453125 222.945098876953125 217.7042236328125 213.799591064453125 211.72259521484375 212.7041778564453125 214.9074859619140625 217.947845458984375 221.5933380126953125 225.6304779052734375 229.9220428466796875 234.414703369140625 238.9868927001953125 243.5008392333984375 247.8452606201171875 251.8251953125 255.1983642578125 257.754486083984375 259.30657958984375 259.7540283203125 259.207733154296875 257.77777099609375 255.658203125 252.939544677734375 249.7313995361328125 246.0800018310546875 241.9611968994140625 237.4647064208984375 232.7348480224609375 227.873291015625 223.137054443359375 218.892578125 215.5009918212890625 213.4475860595703125 213.1905670166015625
265.621368408203125 261.139129638671875 256.51104736328125 251.6797637939453125 246.584808349609375 241.138946533203125 235.2769775390625 229.204437255859375 223.3902130126953125 218.4202423095703125 214.9310760498046875 213.598297119140625 214.9422760009765625 217.37982177734375 220.6118621826171875 224.45941162109375 228.736907958984375 233.3127593994140625 238.1197509765625 243.009735107421875 247.8242340087890625 252.424407958984375 256.58172607421875 260.010986328125 262.4620361328125 263.782470703125 263.890960693359375 262.91168212890625 261.0186767578125 258.428985595703125 255.2733306884765625 251.6811370849609375 247.7077789306640625 243.3143310546875 238.565399169921875 233.596099853515625 228.54742431640625 223.7405853271484375 219.632598876953125 216.65765380859375 215.231903076171875 215.5015716552734375
264.331634521484375 259.97308349609375 255.5230560302734375 250.898101806640625 246.009613037109375 240.750823974609375 235.05889892578125 229.1667938232421875 223.595947265625 218.9824676513671875 215.8673858642578125 215.611083984375 217.1211700439453125 219.7342529296875 223.136138916015625 227.17706298828125 231.688079833984375 236.535400390625 241.6323394775390625 246.8111114501953125 251.90606689453125 256.74249267578125 261.0711669921875 264.58770751953125 267.010833740234375 268.158935546875 267.9498291015625 266.505706787109375 264.07574462890625 260.94305419921875 257.306243896484375 253.32232666015625 249.03790283203125 244.41900634765625 239.4993896484375 234.3614501953125 229.1705322265625 224.290985107421875 220.2404022216796875 217.535888671875 216.5649566650390625 217.231231689453125
261.943939208984375 257.806304931640625 253.6519775390625 249.3636474609375 244.8143157958984375 239.8692779541015625 234.46881103515625 228.867523193359375 223.6306915283203125 219.49365234375 217.22943115234375 217.595306396484375 219.3444366455078125 222.093475341796875 225.614227294921875 229.7998504638671875 234.4986724853515625 239.572845458984375 244.9156951904296875 250.355010986328125 255.7393798828125 260.850799560546875 265.40277099609375 269.073760986328125 271.53594970703125 272.5367431640625 271.99322509765625 270.06280517578125 267.074188232421875 263.380035400390625 259.27825927734375 254.950286865234375 250.4029541015625 245.6198883056640625 240.5966033935546875 235.3446044921875 230.0447998046875 225.081756591796875 220.958984375 218.2401885986328125 217.352386474609375 218.3109130859375
258.44415283203125 254.679779052734375 250.984222412109375 247.20281982421875 243.157257080078125 238.6728515625 233.70440673828125 228.5176239013671875 223.6824951171875 220.03948974609375 218.892913818359375 219.69940185546875 221.7134857177734375 224.5617828369140625 228.1392669677734375 232.3946685791015625 237.2039031982421875 242.4417724609375 247.98638916015625 253.67828369140625 259.363800048828125 264.793731689453125 269.63543701171875 273.53387451171875 276.08673095703125 276.96478271484375 276.080352783203125 273.661773681640625 270.145538330078125 265.948394775390625 261.42999267578125 256.786224365234375 252.010894775390625 247.0814056396484375 241.9620513916015625 236.62457275390625 231.2462921142578125 226.197052001953125 221.950927734375 219.115753173828125 218.2321624755859375 219.3678131103515625
