DEMO/DTM.asc
ncols        238
nrows        157
xllcorner    409380.971304091974
yllcorner    4812682.163786198944
cellsize     10.000000000000
NODATA_value -9999
[rows 133 to 151 of 157, columns 168 to 209 of 238]
293.1375732421875 298.087554931640625 302.96722412109375 307.40240478515625 311.133392333984375 313.936065673828125 315.73065185546875 316.630615234375 316.859161376953125 316.763641357421875 316.758056640625 317.31488037109375 318.72137451171875 321.2525634765625 324.703857421875 328.849365234375 333.673248291015625 339.07574462890625 344.810150146484375 350.426910400390625 355.169281005859375 358.328521728515625 359.67303466796875 359.352020263671875 357.716644287109375 355.24481201171875 352.57318115234375 350.333526611328125 348.903717041015625 348.306793212890625 348.141326904296875 347.78814697265625 346.6036376953125 344.165863037109375 340.446624755859375 335.917816162109375 331.14727783203125 326.484466552734375 322.1031494140625 317.954864501953125 313.757293701171875 309.2491455078125
296.8079833984375 301.471710205078125 306.267242431640625 310.79345703125 314.750091552734375 317.84698486328125 319.93218994140625 321.024566650390625 321.264434814453125 320.98504638671875 320.5850830078125 320.59588623046875 321.42510986328125 323.350799560546875 326.2589111328125 329.968292236328125 334.5010986328125 339.785675048828125 345.59478759765625 351.486419677734375 356.705718994140625 360.54156494140625 362.678802490234375 363.099151611328125 362.05413818359375 359.973175048828125 357.463958740234375 355.130767822265625 353.282958984375 351.85498046875 350.432861328125 348.483428955078125 345.742889404296875 342.1318359375 337.731170654296875 332.9591064453125 328.269378662109375 323.877227783203125 319.81634521484375 315.928955078125 311.880035400390625 307.416473388671875
299.80242919921875 304.0479736328125 308.61456298828125 313.109405517578125 317.210296630859375 320.59967041015625 323.10089111328125 324.628173828125 325.229827880859375 325.14385986328125 324.775970458984375 324.6302490234375 325.12335205078125 326.504669189453125 328.769561767578125 331.88275146484375 335.941619873046875 340.90948486328125 346.582427978515625 352.54193115234375 358.057525634765625 362.43292236328125 365.27716064453125 366.38140869140625 365.835906982421875 364.012908935546875 361.500701904296875 358.8963623046875 356.43865966796875 353.998260498046875 351.216827392578125 347.784088134765625 343.71026611328125 339.110107421875 334.16796875 329.2724609375 324.7691650390625 320.742431640625 317.09136962890625 313.554046630859375 309.749481201171875 305.432098388671875
301.983642578125 305.72137451171875 309.937652587890625 314.290191650390625 318.474853515625 322.19683837890625 325.221527099609375 327.39703369140625 328.607177734375 328.990325927734375 328.952972412109375 328.96337890625 329.382049560546875 330.424285888671875 332.1641845703125 334.691009521484375 338.181243896484375 342.6671142578125 347.99560546875 353.781219482421875 359.33343505859375 363.9830322265625 367.2977294921875 368.909637451171875 368.62335205078125 366.800811767578125 364.081756591796875 361.028778076171875 357.80633544921875 354.316925048828125 350.34442138671875 345.75750732421875 340.70111083984375 335.4029541015625 330.12115478515625 325.227691650390625 320.9830322265625 317.3572998046875 314.13507080078125 310.97698974609375 307.475921630859375 303.39874267578125
303.24346923828125 306.47845458984375 310.2802734375 314.381011962890625 318.53936767578125 322.488433837890625 325.991607666015625 328.84320068359375 330.781707763671875 331.823699951171875 332.356475830078125 332.8218994140625 333.494537353515625 334.5322265625 336.030181884765625 338.155120849609375 341.146759033203125 345.10626220703125 349.9307861328125 355.278656005859375 360.525146484375 365.04022216796875 368.386810302734375 370.13397216796875 369.732666015625 367.604339599609375 364.5115966796875 360.945587158203125 357.01715087890625 352.685546875 347.869659423828125 342.557281494140625 336.944122314453125 331.3055419921875 325.929962158203125 321.16973876953125 317.2098388671875 313.93267822265625 311.0640869140625 308.235015869140625 305.0413818359375 301.269866943359375
303.577972412109375 306.31500244140625 309.683135986328125 313.438720703125 317.380096435546875 321.298370361328125 325.012115478515625 328.32806396484375 330.960693359375 332.8221435546875 334.17681884765625 335.43353271484375 336.736602783203125 338.160369873046875 339.779815673828125 341.798370361328125 344.50225830078125 348.0218505859375 352.257598876953125 356.91619873046875 361.469024658203125 365.333831787109375 368.07171630859375 369.21429443359375 368.3856201171875 365.966522216796875 362.565765380859375 358.58734130859375 354.146453857421875 349.274810791015625 344.00238037109375 338.393768310546875 332.651519775390625 327.04486083984375 321.8426513671875 317.3365478515625 313.628173828125 310.567413330078125 307.893798828125 305.269287109375 302.327728271484375 298.883636474609375
302.990936279296875 305.35845947265625 308.291168212890625 311.590301513671875 315.12420654296875 318.763214111328125 322.39727783203125 325.887664794921875 328.99859619140625 331.6259765625 333.950439453125 336.22100830078125 338.462982177734375 340.6373291015625 342.747894287109375 345.001434326171875 347.69793701171875 350.922393798828125 354.539306640625 358.31549072265625 361.828521728515625 364.57086181640625 366.170806884765625 366.316558837890625 364.901458740234375 362.170440673828125 358.53228759765625 354.2880859375 349.561065673828125 344.4522705078125 339.07342529296875 333.5318603515625 328.016876220703125 322.75506591796875 317.943145751953125 313.76300048828125 310.2462158203125 307.24578857421875 304.575775146484375 301.999481201171875 299.2213134765625 296.0723876953125
301.47027587890625 303.541046142578125 306.0592041015625 308.8668212890625 311.91802978515625 315.172027587890625 318.577056884765625 322.05615234375 325.46002197265625 328.707977294921875 331.904510498046875 335.152252197265625 338.3939208984375 341.50567626953125 344.38470458984375 347.168609619140625 350.09954833984375 353.159942626953125 356.152801513671875 358.899078369140625 361.098907470703125 362.407012939453125 362.67559814453125 361.806243896484375 359.795318603515625 356.774200439453125 352.979278564453125 348.615936279296875 343.81072998046875 338.715911865234375 333.49652099609375 328.282867431640625 323.23883056640625 318.519561767578125 314.207275390625 310.361846923828125 306.96356201171875 303.89080810546875 301.06964111328125 298.402862548828125 295.6805419921875 292.7451171875
298.697357177734375 300.526275634765625 302.701263427734375 305.119873046875 307.79345703125 310.739349365234375 313.947296142578125 317.383575439453125 320.967498779296875 324.667999267578125 328.55828857421875 332.641754150390625 336.788970947265625 340.824310302734375 344.553955078125 347.984344482421875 351.23687744140625 354.17626953125 356.526611328125 358.148773193359375 358.912200927734375 358.819793701171875 357.898834228515625 356.169036865234375 353.658416748046875 350.420928955078125 346.572265625 342.237060546875 337.5284423828125 332.6268310546875 327.734161376953125 322.98974609375 318.51763916015625 314.37774658203125 310.5361328125 306.961181640625 303.6080322265625 300.400604248046875 297.367645263671875 294.52606201171875 291.749786376953125 288.91546630859375
294.498748779296875 296.12066650390625 298.051055908203125 300.24700927734375 302.746337890625 305.58624267578125 308.771148681640625 312.284210205078125 316.071624755859375 320.131439208984375 324.543060302734375 329.288421630859375 334.200714111328125 339.054931640625 343.551116943359375 347.5255126953125 350.966217041015625 353.66778564453125 355.3131103515625 355.837493896484375 355.378448486328125 354.151611328125 352.299407958984375 349.92205810546875 347.06597900390625 343.73443603515625 339.958892822265625 335.792327880859375 331.318267822265625 326.72662353515625 322.238372802734375 317.9775390625 314.00799560546875 310.311065673828125 306.784942626953125 303.3594970703125 300.00115966796875 296.679107666015625 293.467071533203125 290.4312744140625 287.515411376953125 284.66766357421875
288.952239990234375 290.41436767578125 292.20281982421875 294.325225830078125 296.84490966796875 299.806976318359375 303.211822509765625 307.0244140625 311.16400146484375 315.6171875 320.468505859375 325.7266845703125 331.234375 336.714630126953125 341.756744384765625 346.030487060546875 349.400146484375 351.649993896484375 352.5546875 352.186676025390625 350.8270263671875 348.79400634765625 346.305816650390625 343.52020263671875 340.50146484375 337.222259521484375 333.653564453125 329.790283203125 325.67437744140625 321.479095458984375 317.394744873046875 313.491668701171875 309.800811767578125 306.282379150390625 302.8289794921875 299.398040771484375 295.994537353515625 292.611328125 289.30560302734375 286.12640380859375 283.0565185546875 280.118011474609375
282.3564453125 283.682403564453125 285.404876708984375 287.5745849609375 290.28118896484375 293.573944091796875 297.437652587890625 301.799835205078125 306.508697509765625 311.482879638671875 316.787628173828125 322.45928955078125 328.374908447265625 334.231475830078125 339.5267333984375 343.8048095703125 346.8448486328125 348.4906005859375 348.70220947265625 347.65789794921875 345.69329833984375 343.153594970703125 340.292449951171875 337.303375244140625 334.277587890625 331.185028076171875 327.958587646484375 324.539215087890625 320.908935546875 317.16949462890625 313.419403076171875 309.675537109375 305.975341796875 302.319854736328125 298.6697998046875 295.060455322265625 291.5413818359375 288.11865234375 284.80389404296875 281.579193115234375 278.420318603515625 275.389373779296875
275.105316162109375 276.312286376953125 278.026214599609375 280.345306396484375 283.389007568359375 287.2056884765625 291.73809814453125 296.8511962890625 302.319183349609375 307.954559326171875 313.756988525390625 319.7679443359375 325.9053955078125 331.872833251953125 337.110626220703125 341.103057861328125 343.621826171875 344.625518798828125 344.242828369140625 342.71478271484375 340.3753662109375 337.554107666015625 334.5074462890625 331.45623779296875 328.53436279296875 325.738555908203125 322.9822998046875 320.14239501953125 317.1121826171875 313.870330810546875 310.391326904296875 306.643951416015625 302.691375732421875 298.6285400390625 294.544830322265625 290.572113037109375 286.8157958984375 283.311767578125 280.0172119140625 276.821380615234375 273.672119140625 270.628662109375
267.57037353515625 268.70843505859375 270.497833251953125 273.084381103515625 276.6175537109375 281.13360595703125 286.50299072265625 292.500335693359375 298.8182373046875 305.1754150390625 311.473968505859375 317.732391357421875 323.904266357421875 329.7188720703125 334.6025390625 338.06146240234375 339.942962646484375 340.331878662109375 339.468353271484375 337.623291015625 335.096771240234375 332.169403076171875 329.0814208984375 326.07135009765625 323.322540283203125 320.893402099609375 318.69970703125 316.542266845703125 314.207061767578125 311.5198974609375 308.304779052734375 304.506256103515625 300.219390869140625 295.611419677734375 290.930877685546875 286.426300048828125 282.27386474609375 278.563323974609375 275.225372314453125 272.080596923828125 269.01806640625 266.03546142578125
260.081878662109375 261.26214599609375 263.267425537109375 266.28070068359375 270.460601806640625 275.81005859375 282.11956787109375 289.048736572265625 296.1915283203125 303.200653076171875 309.903350830078125 316.270782470703125 322.274261474609375 327.669952392578125 331.93121337890625 334.66693115234375 335.853607177734375 335.6982421875 334.483184814453125 332.485748291015625 329.951690673828125 327.079620361328125 324.083404541015625 321.209869384765625 318.67529296875 316.6236572265625 315.013031005859375 313.60015869140625 312.035797119140625 309.97943115234375 307.115966796875 303.346282958984375 298.793548583984375 293.6796875 288.36309814453125 283.2073974609375 278.48052978515625 274.37548828125 270.849609375 267.680328369140625 264.690704345703125 261.7880859375
252.9523468017578125 254.33837890625 256.7352294921875 260.346832275390625 265.31036376953125 271.568023681640625 278.82672119140625 286.617919921875 294.447601318359375 301.946136474609375 308.87054443359375 315.146148681640625 320.763946533203125 325.495574951171875 328.9168701171875 330.824859619140625 331.338043212890625 330.74395751953125 329.3331298828125 327.3560791015625 324.9893798828125 322.342559814453125 319.569244384765625 316.90228271484375 314.585205078125 312.850738525390625 311.7618408203125 311.090728759765625 310.36627197265625 309.05255126953125 306.683837890625 303.094146728515625 298.42523193359375 292.94537353515625 287.08465576171875 281.28460693359375 275.9007568359375 271.244232177734375 267.340576171875 263.969818115234375 260.92755126953125 258.037506103515625
246.42950439453125 248.2462158203125 251.229522705078125 255.59100341796875 261.40911865234375 268.5328369140625 276.60101318359375 285.0618896484375 293.374176025390625 301.1444091796875 308.07745361328125 314.04736328125 319.045867919921875 322.916351318359375 325.406341552734375 326.49774169921875 326.426513671875 325.5257568359375 324.075408935546875 322.28094482421875 320.236602783203125 317.954681396484375 315.50579833984375 313.0863037109375 310.96331787109375 309.477996826171875 308.844635009765625 308.88885498046875 309.02447509765625 308.55718994140625 306.843231201171875 303.591461181640625 298.96807861328125 293.291412353515625 287.046051025390625 280.726715087890625 274.74737548828125 269.488800048828125 265.052886962890625 261.271270751953125 257.97186279296875 254.934417724609375
240.8105316162109375 243.2950897216796875 247.031890869140625 252.20404052734375 258.8138427734375 266.630462646484375 275.260101318359375 284.13140869140625 292.691925048828125 300.52337646484375 307.279022216796875 312.778472900390625 317.016876220703125 319.937103271484375 321.49786376953125 321.856292724609375 321.323883056640625 320.250823974609375 318.8931884765625 317.39202880859375 315.75006103515625 313.88909912109375 311.803192138671875 309.649566650390625 307.7230224609375 306.476470947265625 306.273773193359375 307.0015869140625 307.983795166015625 308.3839111328125 307.416748046875 304.602294921875 300.15142822265625 294.43719482421875 287.990753173828125 281.33953857421875 274.9197998046875 269.131072998046875 264.13623046875 259.82958984375 256.0838623046875 252.6961822509765625
236.481170654296875 239.817657470703125 244.369049072265625 250.2562408447265625 257.43267822265625 265.65911865234375 274.555694580078125 283.571044921875 292.162109375 299.887054443359375 306.34503173828125 311.2996826171875 314.759521484375 316.788909912109375 317.5369873046875 317.28436279296875 316.394866943359375 315.22674560546875 314.004638671875 312.803314208984375 311.545867919921875 310.076751708984375 308.326385498046875 306.416290283203125 304.668914794921875 303.642120361328125 303.82421875 305.175323486328125 307.0050048828125 308.317047119140625 308.1064453125 305.774444580078125 301.5989990234375 296.00152587890625 289.54730224609375 282.7745361328125 276.11114501953125 269.946319580078125 264.480499267578125 259.662841796875 255.4019317626953125 251.5400390625
