DEMO/DTM.asc
ncols        238
nrows        157
xllcorner    409380.971304091974
yllcorner    4812682.163786198944
cellsize     10.000000000000
NODATA_value -9999
[rows 114 to 132 of 157, columns 168 to 209 of 238]
223.3690643310546875 226.4334564208984375 229.96136474609375 233.8990478515625 238.28997802734375 243.2358551025390625 248.6404571533203125 254.22607421875 259.6297607421875 264.346160888671875 267.884674072265625 269.999969482421875 270.66455078125 270.0731201171875 268.552947998046875 266.479644775390625 264.1746826171875 261.818572998046875 259.464630126953125 257.07501220703125 254.6014556884765625 252.1247100830078125 249.933013916015625 248.486236572265625 248.3552398681640625 249.9850311279296875 253.4531097412109375 258.378631591796875 264.308837890625 270.936004638671875 277.939178466796875 285.01116943359375 291.883697509765625 298.25164794921875 303.837615966796875 308.42535400390625 311.749114990234375 313.63531494140625 314.18878173828125 313.6055908203125 312.177398681640625 310.2989501953125
225.547698974609375 228.2825775146484375 231.292022705078125 234.7025146484375 238.6857147216796875 243.4018707275390625 248.7911376953125 254.5963897705078125 260.453582763671875 265.836090087890625 270.21881103515625 273.305267333984375 274.951568603515625 275.2413330078125 274.467681884765625 272.991851806640625 271.134857177734375 269.090057373046875 266.92645263671875 264.619171142578125 262.122955322265625 259.496551513671875 256.978668212890625 254.9844207763671875 254.0902099609375 254.8600616455078125 257.55853271484375 261.984130859375 267.7060546875 274.3310546875 281.410003662109375 288.47607421875 295.099365234375 300.86297607421875 305.478851318359375 308.820404052734375 310.776763916015625 311.38214111328125 310.819122314453125 309.325469970703125 307.243804931640625 304.960235595703125
228.34893798828125 230.7616119384765625 233.2266998291015625 236.0095062255859375 239.4321746826171875 243.730621337890625 248.895111083984375 254.6891021728515625 260.7501220703125 266.55523681640625 271.591339111328125 275.551055908203125 278.21429443359375 279.514434814453125 279.657867431640625 278.958282470703125 277.7149658203125 276.136199951171875 274.32318115234375 272.281036376953125 269.97509765625 267.438140869140625 264.847869873046875 262.553131103515625 261.083282470703125 261.0333251953125 262.838531494140625 266.571746826171875 271.9132080078125 278.411285400390625 285.472137451171875 292.4425048828125 298.71600341796875 303.762176513671875 307.285736083984375 309.27362060546875 309.84063720703125 309.2574462890625 307.626129150390625 305.231689453125 302.460205078125 299.696624755859375
231.5727691650390625 233.7728118896484375 235.8302154541015625 238.038909912109375 240.82635498046875 244.5615692138671875 249.3258819580078125 254.9004058837890625 260.931121826171875 266.92132568359375 272.39849853515625 277.06353759765625 280.65625 283.00579833984375 284.182708740234375 284.389007568359375 283.879608154296875 282.8724365234375 281.503173828125 279.819091796875 277.809722900390625 275.49322509765625 272.990386962890625 270.5731201171875 268.702789306640625 267.965057373046875 268.912750244140625 271.87554931640625 276.72198486328125 282.98797607421875 289.945892333984375 296.756866455078125 302.64019775390625 306.95855712890625 309.420867919921875 310.141815185546875 309.4793701171875 307.7816162109375 305.138671875 301.868682861328125 298.39556884765625 295.099609375
235.0335540771484375 237.1926422119140625 239.0180206298828125 240.7813873291015625 242.9731597900390625 246.092437744140625 250.3379364013671875 255.522735595703125 261.3203125 267.283294677734375 273.00079345703125 278.19622802734375 282.582916259765625 285.926361083984375 288.171173095703125 289.3551025390625 289.655731201171875 289.285491943359375 288.40496826171875 287.10809326171875 285.421173095703125 283.363372802734375 281.014404296875 278.573486328125 276.43255615234375 275.151153564453125 275.346923828125 277.54168701171875 281.82244873046875 287.763946533203125 294.53753662109375 301.141632080078125 306.647552490234375 310.328094482421875 311.883544921875 311.55364990234375 309.86279296875 307.199310302734375 303.685272216796875 299.64605712890625 295.529205322265625 291.69647216796875
238.666839599609375 240.9402008056640625 242.6990203857421875 244.178985595703125 245.8932647705078125 248.425262451171875 252.0863800048828125 256.754608154296875 262.16168212890625 267.929412841796875 273.717010498046875 279.28009033203125 284.31817626953125 288.54498291015625 291.797821044921875 293.962005615234375 295.104278564453125 295.401092529296875 295.019927978515625 294.095916748046875 292.704010009765625 290.882904052734375 288.688751220703125 286.259185791015625 283.918182373046875 282.19140625 281.73419189453125 283.200714111328125 286.86956787109375 292.396484375 298.888031005859375 305.2294921875 310.401275634765625 313.595062255859375 314.45379638671875 313.30242919921875 310.8232421875 307.451019287109375 303.33367919921875 298.77020263671875 294.16668701171875 289.83599853515625
242.398101806640625 244.8867950439453125 246.73382568359375 248.1223602294921875 249.5323944091796875 251.5698699951171875 254.6339569091796875 258.717620849609375 263.64190673828125 269.103973388671875 274.82867431640625 280.60467529296875 286.131683349609375 291.0870361328125 295.226959228515625 298.31854248046875 300.291595458984375 301.253631591796875 301.360015869140625 300.774993896484375 299.625457763671875 297.98797607421875 295.913665771484375 293.491363525390625 290.979644775390625 288.86285400390625 287.813446044921875 288.5777587890625 291.58758544921875 296.5946044921875 302.6824951171875 308.679443359375 313.526947021484375 316.34796142578125 316.7081298828125 315.0172119140625 312.060333251953125 308.304840087890625 303.910125732421875 299.12713623046875 294.262847900390625 289.627471923828125
246.1110992431640625 248.8788909912109375 250.939453125 252.4035797119140625 253.6781005859375 255.3476715087890625 257.88665771484375 261.426239013671875 265.872100830078125 270.991241455078125 276.5638427734375 282.408538818359375 288.242828369140625 293.736724853515625 298.598907470703125 302.50372314453125 305.25140380859375 306.85797119140625 307.435760498046875 307.161590576171875 306.2093505859375 304.70111083984375 302.699676513671875 300.260284423828125 297.582794189453125 295.10174560546875 293.483001708984375 293.53656005859375 295.82623291015625 300.20556640625 305.7696533203125 311.33154296875 315.814483642578125 318.308563232421875 318.355987548828125 316.43365478515625 313.32830810546875 309.5255126953125 305.19720458984375 300.507904052734375 295.70587158203125 291.0516357421875
249.6974029541015625 252.7675628662109375 255.10479736328125 256.746978759765625 258.025390625 259.48785400390625 261.657928466796875 264.78143310546875 268.8408203125 273.656768798828125 279.041717529296875 284.839874267578125 290.805908203125 296.6304931640625 302.005126953125 306.5457763671875 309.9603271484375 312.168304443359375 313.206329345703125 313.240325927734375 312.473297119140625 311.067108154296875 309.103851318359375 306.620025634765625 303.771636962890625 300.942291259765625 298.772308349609375 298.108673095703125 299.62890625 303.29754638671875 308.257965087890625 313.3284912109375 317.409515380859375 319.565948486328125 319.46917724609375 317.532257080078125 314.5650634765625 310.995513916015625 306.982513427734375 302.644500732421875 298.158233642578125 293.717437744140625
253.0904998779296875 256.46063232421875 259.0936279296875 260.977813720703125 262.377105712890625 263.7945556640625 265.75970458984375 268.599212646484375 272.385406494140625 276.976806640625 282.18951416015625 287.882537841796875 293.844573974609375 299.797576904296875 305.44696044921875 310.404876708984375 314.332855224609375 317.06915283203125 318.56719970703125 318.942962646484375 318.3931884765625 317.098846435546875 315.158782958984375 312.606658935546875 309.576446533203125 306.417388916015625 303.747589111328125 302.428619384765625 303.1978759765625 306.127227783203125 310.487762451171875 315.113494873046875 318.896759033203125 320.943756103515625 320.795440673828125 318.910858154296875 316.04522705078125 312.7060546875 309.06439208984375 305.20343017578125 301.201995849609375 297.128204345703125
256.31744384765625 259.98760986328125 262.930816650390625 265.10125732421875 266.696929931640625 268.16357421875 270.019683837890625 272.665283203125 276.2572021484375 280.685333251953125 285.76531982421875 291.353668212890625 297.239501953125 303.160552978515625 308.86138916015625 314.010894775390625 318.282958984375 321.472198486328125 323.44207763671875 324.212066650390625 323.934234619140625 322.778411865234375 320.856414794921875 318.21673583984375 314.99658203125 311.53436279296875 308.436676025390625 306.55950927734375 306.6806640625 308.9654541015625 312.83917236328125 317.14984130859375 320.7786865234375 322.81695556640625 322.694549560546875 320.76568603515625 317.8642578125 314.630645751953125 311.292327880859375 307.904022216796875 304.425933837890625 300.761260986328125
259.52081298828125 263.492340087890625 266.750457763671875 269.217498779296875 271.0318603515625 272.586029052734375 274.379974365234375 276.86181640625 280.270294189453125 284.5469970703125 289.51092529296875 294.99761962890625 300.76348876953125 306.54248046875 312.135406494140625 317.3023681640625 321.78033447265625 325.3599853515625 327.812652587890625 329.02801513671875 329.074066162109375 328.08148193359375 326.173919677734375 323.43182373046875 320.0216064453125 316.295806884765625 312.875274658203125 310.59832763671875 310.260650634765625 312.067138671875 315.571014404296875 319.6942138671875 323.2918701171875 325.345703125 325.199676513671875 323.12396240234375 320.046142578125 316.75811767578125 313.57672119140625 310.53656005859375 307.481903076171875 304.1630859375
262.899017333984375 267.162750244140625 270.72259521484375 273.471771240234375 275.496185302734375 277.13677978515625 278.864349365234375 281.158203125 284.338592529296875 288.418304443359375 293.224822998046875 298.56402587890625 304.152862548828125 309.724578857421875 315.13165283203125 320.22174072265625 324.81549072265625 328.72344970703125 331.65380859375 333.360321044921875 333.780426025390625 332.982940673828125 331.098175048828125 328.25787353515625 324.686431884765625 320.758544921875 317.13238525390625 314.600311279296875 313.987548828125 315.580078125 318.896942138671875 322.90252685546875 326.422027587890625 328.369140625 328.0943603515625 325.844573974609375 322.546661376953125 319.0802001953125 315.8778076171875 312.984466552734375 310.15545654296875 307.036102294921875
266.606353759765625 271.144500732421875 274.985137939453125 277.989837646484375 280.2020263671875 281.90924072265625 283.544586181640625 285.6026611328125 288.470245361328125 292.24224853515625 296.782928466796875 301.87506103515625 307.213592529296875 312.544830322265625 317.741668701171875 322.716094970703125 327.3759765625 331.557403564453125 334.93463134765625 337.155120849609375 337.993408203125 337.44598388671875 335.635345458984375 332.7652587890625 329.15032958984375 325.197418212890625 321.53912353515625 318.966339111328125 318.246734619140625 319.6827392578125 322.827972412109375 326.669036865234375 329.978271484375 331.666351318359375 331.17413330078125 328.76568603515625 325.29107666015625 321.584320068359375 318.193084716796875 315.216552734375 312.366729736328125 309.254730224609375
270.699493408203125 275.484130859375 279.579833984375 282.8189697265625 285.210662841796875 286.9818115234375 288.51495361328125 290.28839111328125 292.72882080078125 296.0318603515625 300.14581298828125 304.849639892578125 309.84271240234375 314.902984619140625 319.881256103515625 324.729949951171875 329.44549560546875 333.86907958984375 337.64508056640625 340.371673583984375 341.6536865234375 341.451812744140625 339.848907470703125 337.13848876953125 333.64337158203125 329.792449951171875 326.228546142578125 323.727874755859375 322.98443603515625 324.290374755859375 327.21038818359375 330.76593017578125 333.74530029296875 335.111175537109375 334.38018798828125 331.81671142578125 328.16839599609375 324.19586181640625 320.48828125 317.223541259765625 314.134765625 310.835479736328125
275.129119873046875 280.115234375 284.442047119140625 287.9150390625 290.51123046875 292.37689208984375 293.823394775390625 295.28582763671875 297.201141357421875 299.85546875 303.32476806640625 307.457763671875 311.9874267578125 316.710418701171875 321.459869384765625 326.20098876953125 330.971588134765625 335.628814697265625 339.799530029296875 343.0638427734375 344.972930908203125 345.2904052734375 344.077880859375 341.635101318359375 338.34088134765625 334.657012939453125 331.240234375 328.844482421875 328.09576416015625 329.235107421875 331.843048095703125 335.006500244140625 337.579376220703125 338.57928466796875 337.550872802734375 334.73785400390625 330.850189208984375 326.588226318359375 322.519744873046875 318.867828369140625 315.408599853515625 311.788177490234375
279.762969970703125 284.875335693359375 289.412261962890625 293.141754150390625 295.9873046875 298.007781982421875 299.426422119140625 300.610504150390625 301.966461181640625 303.838348388671875 306.450042724609375 309.80926513671875 313.72332763671875 318.016937255859375 322.511871337890625 327.165008544921875 332.005035400390625 336.91357421875 341.524993896484375 345.42742919921875 348.0667724609375 349.031341552734375 348.32171630859375 346.245849609375 343.22308349609375 339.747772216796875 336.489837646484375 334.180328369140625 333.380950927734375 334.283599853515625 336.487030029296875 339.149871826171875 341.209930419921875 341.725616455078125 340.24652099609375 337.0418701171875 332.838043212890625 328.291778564453125 323.9107666015625 319.90093994140625 316.066558837890625 312.09429931640625
284.4306640625 289.589385986328125 294.304962158203125 298.302520751953125 301.44000244140625 303.680450439453125 305.148773193359375 306.1275634765625 306.969146728515625 308.041351318359375 309.6854248046875 312.103759765625 315.246856689453125 319.00543212890625 323.200927734375 327.76995849609375 332.696014404296875 337.84051513671875 342.91070556640625 347.474456787109375 350.882904052734375 352.569580078125 352.454925537109375 350.8428955078125 348.17218017578125 344.95806884765625 341.876190185546875 339.628509521484375 338.714599609375 339.271820068359375 340.91522216796875 342.884002685546875 344.219207763671875 344.01385498046875 341.859710693359375 338.16082763671875 333.64727783203125 328.901519775390625 324.338836669921875 320.104217529296875 315.9990234375 311.736175537109375
288.951263427734375 294.0611572265625 298.901641845703125 303.14752197265625 306.5921630859375 309.101837158203125 310.6966552734375 311.572845458984375 312.022186279296875 312.4105224609375 313.137786865234375 314.55718994140625 316.82568359375 319.96990966796875 323.823974609375 328.230438232421875 333.166534423828125 338.505889892578125 343.977935791015625 349.14007568359375 353.27032470703125 355.7008056640625 356.27642822265625 355.2535400390625 353.04840087890625 350.170379638671875 347.285247802734375 345.062774658203125 343.94183349609375 344.006072998046875 344.870452880859375 345.85546875 346.149932861328125 344.904815673828125 341.934844970703125 337.76123046875 333.043609619140625 328.253082275390625 323.69439697265625 319.420257568359375 315.194580078125 310.74945068359375
