DEMO/DTM.asc
ncols        238
nrows        157
xllcorner    409380.971304091974
yllcorner    4812682.163786198944
cellsize     10.000000000000
NODATA_value -9999
[rows 114 to 132 of 157, columns 42 to 83 of 238]
204.1913604736328125 209.57403564453125 214.8226165771484375 219.9859466552734375 225.0043182373046875 229.745452880859375 234.081024169921875 237.7569122314453125 240.4833984375 242.062774658203125 242.3180694580078125 241.1602325439453125 238.601776123046875 234.7814178466796875 229.8498687744140625 223.8831787109375 217.013580322265625 209.4309844970703125 201.379241943359375 193.2812957763671875 185.7001800537109375 179.1691131591796875 174.14520263671875 170.9008331298828125 169.4702606201171875 169.7414093017578125 171.08660888671875 172.7298736572265625 174.0453338623046875 174.86065673828125 175.4095611572265625 176.13287353515625 177.496978759765625 179.87823486328125 183.403656005859375 187.945159912109375 193.376800537109375 199.4869537353515625 206.0837860107421875 213.0352325439453125 220.1316986083984375 227.1706695556640625
204.99713134765625 210.5497894287109375 216.0314483642578125 221.5025787353515625 226.8993682861328125 232.0567169189453125 236.80609130859375 240.8677215576171875 243.9315948486328125 245.7816009521484375 246.2131500244140625 245.0971527099609375 242.4305267333984375 238.3764495849609375 233.142791748046875 226.8543701171875 219.679840087890625 211.8477783203125 203.6405029296875 195.49420166015625 187.961181640625 181.5477294921875 176.7211456298828125 173.7109222412109375 172.5323333740234375 173.072052001953125 174.786041259765625 176.8934326171875 178.7173919677734375 179.9609527587890625 180.71942138671875 181.3217315673828125 182.1909637451171875 183.733245849609375 186.2392730712890625 189.8294830322265625 194.494293212890625 200.053985595703125 206.3001556396484375 213.056976318359375 220.0689544677734375 227.0969085693359375
205.8917999267578125 211.59796142578125 217.3001708984375 223.06353759765625 228.809295654296875 234.3393096923828125 239.448211669921875 243.82366943359375 247.1393280029296875 249.173736572265625 249.706024169921875 248.575775146484375 245.7855377197265625 241.525604248046875 236.046295166015625 229.517852783203125 222.1417999267578125 214.1867218017578125 205.973114013671875 197.9268341064453125 190.580718994140625 184.4159088134765625 179.8253326416015625 177.0318450927734375 176.078338623046875 176.862518310546875 178.88116455078125 181.38983154296875 183.6881103515625 185.384857177734375 186.4472808837890625 187.0817413330078125 187.6395111083984375 188.52850341796875 190.1331939697265625 192.7374114990234375 196.4739990234375 201.2845611572265625 206.989532470703125 213.38409423828125 220.178192138671875 227.10211181640625
206.9602813720703125 212.7880096435546875 218.6804351806640625 224.69659423828125 230.7324066162109375 236.5597686767578125 241.9436492919921875 246.5461273193359375 250.0341339111328125 252.1804351806640625 252.7311859130859375 251.5031890869140625 248.5498504638671875 244.1141204833984375 238.482086181640625 231.8578948974609375 224.4583740234375 216.5913238525390625 208.561492919921875 200.792205810546875 193.76434326171875 187.886077880859375 183.505615234375 180.87286376953125 180.088592529296875 181.056976318359375 183.303955078125 186.1396636962890625 188.8600921630859375 190.9981536865234375 192.41156005859375 193.1932830810546875 193.6135406494140625 194.0602264404296875 194.95916748046875 196.6837921142578125 199.4791412353515625 203.4155426025390625 208.3943939208984375 214.230682373046875 220.6314849853515625 227.31561279296875
208.25213623046875 214.1631622314453125 220.2025604248046875 226.4147491455078125 232.663787841796875 238.6951446533203125 244.25262451171875 248.989532470703125 252.5756683349609375 254.7722625732421875 255.276214599609375 253.8725433349609375 250.7348785400390625 246.16668701171875 240.490753173828125 233.9341888427734375 226.7413330078125 219.175933837890625 211.52569580078125 204.1865081787109375 197.5521697998046875 191.948211669921875 187.7060394287109375 185.1324920654296875 184.415069580078125 185.5019683837890625 187.9412841796875 191.068084716796875 194.16961669921875 196.7246246337890625 198.50335693359375 199.5063629150390625 199.933441162109375 200.1367645263671875 200.54644775390625 201.583892822265625 203.562347412109375 206.615203857421875 210.7340545654296875 215.817840576171875 221.61981201171875 227.887451171875
209.7649078369140625 215.7245941162109375 221.863922119140625 228.2056732177734375 234.58245849609375 240.7227325439453125 246.3582763671875 251.144134521484375 254.745330810546875 256.90667724609375 257.31146240234375 255.7213134765625 252.4662933349609375 247.884490966796875 242.31561279296875 235.9956817626953125 229.16943359375 222.07562255859375 214.9555511474609375 208.131072998046875 201.890960693359375 196.5103302001953125 192.334014892578125 189.7346343994140625 188.997589111328125 190.143524169921875 192.7515716552734375 196.148101806640625 199.595977783203125 202.5346527099609375 204.6637725830078125 205.9140625 206.4363250732421875 206.5460205078125 206.66015625 207.2173004150390625 208.5576629638671875 210.8355865478515625 214.103759765625 218.3144989013671875 223.3128814697265625 228.9425048828125
211.4422760009765625 217.4237060546875 223.620941162109375 230.0255279541015625 236.4460296630859375 242.617584228515625 248.2633209228515625 253.039886474609375 256.588958740234375 258.618988037109375 258.89794921875 257.285614013671875 254.0235443115234375 249.528228759765625 244.176239013671875 238.2278900146484375 231.9116973876953125 225.4150848388671875 218.907928466796875 212.6011810302734375 206.6965484619140625 201.461822509765625 197.2850494384765625 194.6061553955078125 193.8142852783203125 194.9918670654296875 197.7580413818359375 201.4018402099609375 205.1495361328125 208.4151153564453125 210.839813232421875 212.309967041015625 212.94732666015625 213.04486083984375 213.008026123046875 213.272186279296875 214.182830810546875 215.890625 218.4313201904296875 221.768585205078125 225.860992431640625 230.6602935791015625
213.1755218505859375 219.1569671630859375 225.3802490234375 231.790985107421875 238.19183349609375 244.362030029296875 250.0042877197265625 254.7789306640625 258.31915283203125 260.297119140625 260.540374755859375 258.921905517578125 255.7163543701171875 251.3976287841796875 246.3479766845703125 240.8668060302734375 235.150054931640625 229.2917327880859375 223.387969970703125 217.5512542724609375 211.91497802734375 206.7618865966796875 202.5392608642578125 199.76214599609375 198.9071502685546875 200.109344482421875 203.001922607421875 206.8416290283203125 210.8193817138671875 214.3227996826171875 216.9581298828125 218.5899658203125 219.3279266357421875 219.4547119140625 219.366180419921875 219.486083984375 220.1523590087890625 221.4926910400390625 223.503814697265625 226.1316680908203125 229.3625946044921875 233.2172393798828125
214.799530029296875 220.7727508544921875 226.981170654296875 233.3592681884765625 239.72906494140625 245.9104156494140625 251.618865966796875 256.489990234375 260.159423828125 262.254608154296875 262.5284423828125 260.94073486328125 257.851806640625 253.780914306640625 249.1134490966796875 244.1454925537109375 239.01715087890625 233.7404937744140625 228.34637451171875 222.8872222900390625 217.462005615234375 212.3706512451171875 208.1168365478515625 205.2780914306640625 204.3854827880859375 205.5947723388671875 208.5464324951171875 212.4888916015625 216.5858001708984375 220.20452880859375 222.9423828125 224.665802001953125 225.4819793701171875 225.6627655029296875 225.5906829833984375 225.67376708984375 226.2352142333984375 227.382659912109375 229.0750579833984375 231.2106170654296875 233.733489990234375 236.6751556396484375
216.2177886962890625 222.18133544921875 228.3475494384765625 234.671966552734375 241.02008056640625 247.2502288818359375 253.104522705078125 258.1942138671875 262.13604736328125 264.492034912109375 264.91845703125 263.4432373046875 260.5450439453125 256.792236328125 252.55535888671875 248.0844573974609375 243.4642791748046875 238.6525115966796875 233.639434814453125 228.457122802734375 223.2057952880859375 218.2018585205078125 213.977447509765625 211.145233154296875 210.2488250732421875 211.43719482421875 214.3670501708984375 218.2962799072265625 222.381744384765625 225.9972076416015625 228.75079345703125 230.5183868408203125 231.4052734375 231.6658172607421875 231.659942626953125 231.770263671875 232.30523681640625 233.367340087890625 234.8876190185546875 236.7095947265625 238.71405029296875 240.9004669189453125
217.39642333984375 223.3631134033203125 229.495574951171875 235.7434844970703125 242.054229736328125 248.356719970703125 254.398773193359375 259.773101806640625 264.0706787109375 266.795013427734375 267.52191162109375 266.308502197265625 263.7176513671875 260.352874755859375 256.565521240234375 252.5504608154296875 248.3446197509765625 243.8767547607421875 239.12445068359375 234.1313018798828125 229.0237579345703125 224.1428070068359375 220.0216217041015625 217.263763427734375 216.3970947265625 217.544403076171875 220.371002197265625 224.169708251953125 228.1296539306640625 231.651214599609375 234.3677825927734375 236.165130615234375 237.1363372802734375 237.5054779052734375 237.5934295654296875 237.7509307861328125 238.27496337890625 239.27362060546875 240.6658782958984375 242.2589263916015625 243.883941650390625 245.4925689697265625
218.3417205810546875 224.2975311279296875 230.383636474609375 236.565887451171875 242.8376922607421875 249.195037841796875 255.403839111328125 261.045684814453125 265.6981201171875 268.840667724609375 270.006622314453125 269.236480712890625 267.119964599609375 264.25079345703125 260.9500732421875 257.3681640625 253.506744384765625 249.29034423828125 244.71380615234375 239.8513946533203125 234.868408203125 230.13446044921875 226.1775665283203125 223.561370849609375 222.7490997314453125 223.820953369140625 226.4610748291015625 230.030029296875 233.7791595458984375 237.157958984375 239.829193115234375 241.675445556640625 242.762603759765625 243.2662353515625 243.455902099609375 243.64422607421875 244.103973388671875 244.9613037109375 246.1667327880859375 247.534515380859375 248.874298095703125 250.09075927734375
219.11834716796875 225.064361572265625 231.084014892578125 237.1744384765625 243.376617431640625 249.7341766357421875 256.033538818359375 261.86102294921875 266.796844482421875 270.33258056640625 272.033966064453125 271.910064697265625 270.479248046875 268.264801025390625 265.53466796875 262.40582275390625 258.864990234375 254.85430908203125 250.4104461669921875 245.65673828125 240.8030853271484375 236.242034912109375 232.485565185546875 230.03973388671875 229.2814788818359375 230.241180419921875 232.6295166015625 235.8897705078125 239.372100830078125 242.5892791748046875 245.2244873046875 247.1435089111328125 248.370452880859375 249.0178985595703125 249.291259765625 249.45538330078125 249.7632293701171875 250.380615234375 251.327056884765625 252.464263916015625 253.59454345703125 254.57440185546875
219.73394775390625 225.66815185546875 231.607818603515625 237.58355712890625 243.676177978515625 249.963653564453125 256.2584228515625 262.17169189453125 267.313568115234375 271.218536376953125 273.510772705078125 274.210357666015625 273.678802490234375 272.283111572265625 270.227813720703125 267.604248046875 264.402374267578125 260.601165771484375 256.29534912109375 251.668212890625 246.976318359375 242.6270599365234375 239.10284423828125 236.8365020751953125 236.106109619140625 236.8974456787109375 238.965545654296875 241.854278564453125 245.0202484130859375 248.051055908203125 250.646514892578125 252.642242431640625 254.0113983154296875 254.7990875244140625 255.1412200927734375 255.2493743896484375 255.3582916259765625 255.6790771484375 256.3160400390625 257.205780029296875 258.162933349609375 259.0068359375
220.1278839111328125 226.05767822265625 231.9222869873046875 237.77435302734375 243.724639892578125 249.8789520263671875 256.082733154296875 261.993377685546875 267.279083251953125 271.55194091796875 274.523834228515625 276.20294189453125 276.707611083984375 276.2362060546875 274.934051513671875 272.87646484375 270.071807861328125 266.54144287109375 262.4388427734375 258.006622314453125 253.5432891845703125 249.4619598388671875 246.20086669921875 244.1087799072265625 243.37274169921875 243.9459381103515625 245.6262359619140625 248.0601654052734375 250.8386383056640625 253.6314849853515625 256.15216064453125 258.203399658203125 259.70556640625 260.6380615234375 261.0645751953125 261.13677978515625 261.067596435546875 261.101654052734375 261.417083740234375 262.032958984375 262.809112548828125 263.552764892578125
220.1969757080078125 226.1416473388671875 231.9517822265625 237.688140869140625 243.4803314208984375 249.4597930908203125 255.512725830078125 261.35748291015625 266.73614501953125 271.34783935546875 274.979583740234375 277.626251220703125 279.2374267578125 279.793975830078125 279.36065673828125 277.978607177734375 275.690643310546875 272.564544677734375 268.801361083984375 264.69146728515625 260.56549072265625 256.834686279296875 253.88916015625 251.98480224609375 251.2167816162109375 251.5160064697265625 252.728546142578125 254.6238555908203125 256.933990478515625 259.415802001953125 261.808746337890625 263.892578125 265.532684326171875 266.638702392578125 267.197998046875 267.297119140625 267.11468505859375 266.900421142578125 266.8846435546875 267.1798095703125 267.727569580078125 268.352569580078125
219.8106689453125 225.7978668212890625 231.5842437744140625 237.2279510498046875 242.8657073974609375 248.6544189453125 254.5279541015625 260.271820068359375 265.70556640625 270.60888671875 274.8211669921875 278.31414794921875 280.949249267578125 282.550445556640625 283.085693359375 282.539398193359375 280.953125 278.42852783203125 275.201934814453125 271.594329833984375 267.953155517578125 264.681365966796875 262.121368408203125 260.441925048828125 259.653106689453125 259.665252685546875 260.370330810546875 261.663177490234375 263.4287109375 265.52459716796875 267.735260009765625 269.8271484375 271.6112060546875 272.9200439453125 273.658172607421875 273.8421630859375 273.6014404296875 273.170501708984375 272.81414794921875 272.736236572265625 272.982757568359375 273.43182373046875
218.849334716796875 224.91217041015625 230.711761474609375 236.2962188720703125 241.79962158203125 247.4005889892578125 253.087677001953125 258.721160888671875 264.1910400390625 269.33953857421875 274.041229248046875 278.241546630859375 281.74542236328125 284.313720703125 285.852630615234375 286.261199951171875 285.547210693359375 283.832763671875 281.36346435546875 278.457489013671875 275.463714599609375 272.770263671875 270.6719970703125 269.26580810546875 268.497711181640625 268.2645263671875 268.498931884765625 269.19610595703125 270.37896728515625 272.028411865234375 274.002105712890625 276.065826416015625 277.975982666015625 279.481689453125 280.402679443359375 280.688140869140625 280.416412353515625 279.795135498046875 279.101104736328125 278.6090087890625 278.4769287109375 278.66650390625
217.2815704345703125 223.44940185546875 229.2982635498046875 234.855194091796875 240.2472686767578125 245.6753082275390625 251.1889801025390625 256.725738525390625 262.234344482421875 267.5982666015625 272.71356201171875 277.5107421875 281.7646484375 285.205230712890625 287.700439453125 289.09124755859375 289.328460693359375 288.545074462890625 286.9786376953125 284.91973876953125 282.690673828125 280.659942626953125 279.081146240234375 277.995330810546875 277.3160400390625 276.938446044921875 276.820098876953125 277.0157470703125 277.654022216796875 278.84405517578125 280.5418701171875 282.52783203125 284.505523681640625 286.14312744140625 287.18695068359375 287.53155517578125 287.216339111328125 286.419586181640625 285.412689208984375 284.514373779296875 283.971954345703125 283.83038330078125
